6398160739 5054447342 4457517805 11007570878 3331767384 
3650427673 6341096925 2940989638 3039757438 6478813791 
5128840587 9459680188 6341096925 5054447342 1120776403 
6126281537 9821038942 219648376 5900350786 6398160739 
5054447342 4457517805 11007570878 3331767384 3650427673 
6341096925 2940989638 3039757438 6478813791 5128840587 
9459680188 6341096925 3331767384 5054447342 1253167140 
6126281537 9821038942 219648376 5900350786 6398160739 
5054447342 4457517805 11007570878 3331767384 3650427673 
6341096925 2940989638 3039757438 6478813791 9459680188 
1120776403 4207781107 11007570878 5065720590 3847017223 
926440439 9459680188 6126281537 9821038942 219648376 
5900350786 5900350786 5054447342 4457517805 9459680188 
3039757438 4207781107 11143325687 5054447342 4457517805 
3220003407 2456203026 548634091 5900350786 1958265554 
35504160 3481444839 5065720590 5128840587 11143325687 
6637193052 11442706408 2940989638 3847017223 3039757438 
11442706408 2940989638 3847017223 1776813513 5900350786 
1958265554 5054447342 4457517805 9459680188 3039757438 
2940989638 5065720590 5065720590 1776813513 5900350786 
1958265554 5065720590 2940989638 1927407086 5054447342 
5128840587 9459680188 2940989638 5065720590 6637193052 
926440439 5065720590 4457517805 1927407086 3220003407 
5489666743 5128840587 926440439 5065720590 4457517805 
1927407086 6637193052 6341096925 2940989638 5128840587 
11007570878 2456203026 1776813513 5900350786 1958265554 
5054447342 10660095153 3039757438 3220003407 3220003407 
2940989638 5065720590 5065720590 3039757438 9634505574 
3039757438 5065720590 5128840587 11143325687 6637193052 
4207781107 11143325687 11442706408 2940989638 6637193052 
11442706408 2940989638 3847017223 3220003407 5402328841 
1784445639 2925930942 2925930942 185221158 3039757438 
10660095153 5054447342 4457517805 6341096925 6637193052 
926440439 5065720590 4457517805 1927407086 3220003407 
4944695284 5128840587 926440439 5065720590 4457517805 
1927407086 4944695284 2456203026 185221158 3039757438 
5863546194 3906800647 7820236011 2638406417 35504160 
2238279749 185221158 3039757438 3342478705 185221158 
3039757438 5489666743 11442706408 2940989638 3847017223 
2456203026 2456203026 8033177253 9634505574 3039757438 
6408146239 11467196502 8805597823 6418879646 175021684 
6637193052 3659910956 1209879755 2456203026 3039757438 
548634091 5900350786 1958265554 1958265554 926440439 
5065720590 5054447342 4457517805 9459680188 10660095153 
3220003407 4944695284 4207781107 11143325687 11442706408 
2940989638 6637193052 11442706408 2940989638 3847017223 
3039757438 2940989638 5065720590 5065720590 1120776403 
5065720590 8912373163 3039757438 2906819496 5128840587 
3958149116 4457517805 4944695284 185221158 3039757438 
2940989638 5065720590 5065720590 1120776403 5065720590 
6637193052 9459680188 1120776403 6637193052 5128840587 
9459680188 5065720590 5054447342 4457517805 1927407086 
3220003407 2940989638 5065720590 5065720590 2456203026 
2456203026 1776813513 5900350786 1958265554 1958265554 
5065720590 2940989638 9459680188 3650427673 5065720590 
4457517805 3039757438 5416050740 5863546194 1776813513 
5900350786 1958265554 1958265554 35504160 35504160 
926440439 5065720590 5054447342 4457517805 9459680188 
10660095153 3220003407 4944695284 7814305965 7814305965 
3958149116 4457517805 4944695284 2456203026 1776813513 
5900350786 1958265554 10453624491 3481444839 35504160 
5900350786 1958265554 5065720590 5128840587 11143325687 
6637193052 11442706408 2940989638 3847017223 3039757438 
11442706408 2940989638 3847017223 1776813513 5900350786 
1958265554 5054447342 4457517805 9459680188 3039757438 
2940989638 5065720590 5065720590 1776813513 5900350786 
1958265554 5054447342 4457517805 9459680188 3039757438 
926440439 5065720590 4457517805 1927407086 6637193052 
5054447342 6341096925 6255246248 9634505574 10660095153 
5054447342 4457517805 6341096925 6637193052 926440439 
5065720590 4457517805 1927407086 3220003407 4944695284 
5128840587 926440439 5065720590 4457517805 1927407086 
4944695284 2456203026 1776813513 5900350786 1958265554 
926440439 5065720590 5054447342 4457517805 9459680188 
10660095153 3220003407 4944695284 2906819496 6341096925 
3958149116 4457517805 4944695284 185221158 926440439 
5065720590 4457517805 1927407086 6637193052 5054447342 
6341096925 6255246248 2456203026 1776813513 5900350786 
1958265554 35504160 35504160 5065720590 2940989638 
1927407086 5054447342 5128840587 9459680188 2940989638 
5065720590 6637193052 926440439 5065720590 4457517805 
1927407086 3220003407 5489666743 5128840587 926440439 
5065720590 4457517805 1927407086 6637193052 6341096925 
2940989638 5128840587 11007570878 2456203026 1776813513 
5900350786 1958265554 5054447342 10660095153 3039757438 
3220003407 3220003407 2940989638 5065720590 5065720590 
3039757438 9634505574 3039757438 5065720590 5128840587 
11143325687 6637193052 4207781107 11143325687 11442706408 
2940989638 6637193052 11442706408 2940989638 3847017223 
3220003407 5402328841 1784445639 2925930942 2925930942 
185221158 3039757438 926440439 5065720590 4457517805 
1927407086 6637193052 5054447342 6341096925 6255246248 
185221158 3039757438 5863546194 3906800647 7820236011 
2638406417 35504160 2238279749 185221158 3039757438 
7820236011 833319454 2644323531 185221158 3039757438 
5489666743 11442706408 2940989638 3847017223 2456203026 
2456203026 8033177253 9634505574 3039757438 6408146239 
11467196502 8805597823 6418879646 175021684 6637193052 
3659910956 1209879755 2456203026 3039757438 548634091 
5900350786 1958265554 1958265554 926440439 5065720590 
5054447342 4457517805 9459680188 10660095153 3220003407 
4944695284 4207781107 11143325687 11442706408 2940989638 
6637193052 11442706408 2940989638 3847017223 3039757438 
2940989638 5065720590 5065720590 1120776403 5065720590 
8912373163 3039757438 2906819496 5128840587 3958149116 
4457517805 4944695284 185221158 3039757438 2940989638 
5065720590 5065720590 1120776403 5065720590 6637193052 
9459680188 1120776403 6637193052 5128840587 9459680188 
5065720590 5054447342 4457517805 1927407086 3220003407 
2940989638 5065720590 5065720590 2456203026 2456203026 
1776813513 5900350786 1958265554 1958265554 5065720590 
2940989638 9459680188 3650427673 5065720590 4457517805 
3039757438 5416050740 5863546194 1776813513 5900350786 
1958265554 1958265554 35504160 35504160 926440439 
5065720590 5054447342 4457517805 9459680188 10660095153 
3220003407 4944695284 7814305965 7814305965 3958149116 
4457517805 4944695284 2456203026 1776813513 5900350786 
1958265554 10453624491 5900350786 1958265554 5065720590 
2940989638 9459680188 3650427673 5065720590 4457517805 
3039757438 3906800647 1776813513 5900350786 10453624491 
5900350786 